offset,seed,band,boots,how
6,09AC,0,1,measured
8,7B0A,0,1,measured
9,C3D6,0,1,measured
10,0D24,0,1,measured
11,565A,0,1,measured
12,9F9A,0,1,measured
13,9F53,0,1,measured
14,C1E6,0,1,measured
15,0C4D,0,1,measured
16,0C4D,0,1,measured
17,5380,0,1,measured
18,E6D9,0,1,measured
19,2F46,0,1,measured
20,71F6,0,1,measured
21,C035,0,1,measured
22,DFC3,0,1,measured
23,1DCE,0,1,measured
24,6627,0,1,measured
25,AF62,0,1,measured
26,F8B0,0,1,measured
27,41E8,0,1,measured
28,6AA9,0,1,measured
29,7DC1,0,1,measured
31,0F64,0,1,measured
32,589A,0,1,measured
33,A1DC,0,1,measured
34,EB1A,0,1,measured
35,3078,0,1,measured
36,7D9D,0,1,measured
37,7D9D,0,1,measured
38,C6D6,0,1,measured
39,1024,0,1,measured
41,325F,0,1,measured
42,7CCD,0,1,measured
43,C726,0,1,measured
44,0D07,0,1,measured
45,5587,0,1,measured
46,A67B,0,1,measured
47,EC5E,0,1,measured
48,3566,0,1,measured
49,76F2,0,1,measured
50,B543,0,1,measured
51,F53F,0,1,measured
52,485E,0,1,measured
53,9235,0,1,measured
54,DA27,0,1,measured
55,2330,0,1,measured
56,9B31,0,1,measured
58,2F40,0,1,measured
59,78FF,0,1,measured
60,BFD4,0,1,measured
61,068F,0,1,measured
62,4F9F,0,1,measured
63,78AC,0,1,measured
64,381B,0,1,measured
65,53B0,0,1,measured
66,A309,0,1,measured
67,EA5B,0,1,measured
68,34B2,0,1,measured
69,7C71,0,1,measured
70,C669,0,1,measured
71,107B,0,1,measured
72,5A01,0,1,measured
74,EBB8,0,1,measured
75,3641,0,1,measured
76,7D9C,0,1,measured
77,C7F2,0,1,measured
79,5A84,0,1,measured
80,9F0E,0,1,measured
81,EBEC,0,1,measured
82,5F1C,0,1,measured
83,7EF8,0,1,measured
84,C983,0,1,measured
85,10E3,0,1,measured
86,5B2F,0,1,measured
87,A619,0,1,measured
88,EDD7,0,1,measured
89,EDD7,0,1,measured
90,35E5,0,1,measured
91,AAE2,0,1,measured
92,CA41,0,1,measured
93,14C7,0,1,measured
94,5C29,0,1,measured
95,E98B,0,1,measured
97,823E,0,1,measured
98,CBCE,0,1,measured
99,3E15,0,1,measured
100,5D7D,0,1,measured
101,A808,0,1,measured
102,F238,0,1,measured
103,3845,0,1,measured
104,8232,0,1,measured
106,15C2,0,1,measured
107,87F7,0,1,measured
108,A68D,0,1,measured
109,F0FA,0,1,measured
110,33A3,0,1,measured
111,33A3,0,1,measured
112,82B4,0,1,measured
114,1464,0,1,measured
115,5E87,0,1,measured
116,A80C,0,1,measured
117,1C67,0,1,measured
118,3717,0,1,measured
119,7EB7,0,1,measured
120,C72B,0,1,measured
121,5939,0,1,measured
122,A2E9,0,1,measured
123,EBDF,0,1,measured
124,342C,0,1,measured
125,729F,0,1,measured
126,B436,0,1,measured
127,FD11,0,1,measured
128,4775,0,1,measured
130,D92B,0,1,measured
131,269E,0,1,measured
133,B4E3,0,1,measured
134,031D,0,1,measured
135,4B8E,0,1,measured
136,94DE,0,1,measured
137,DE49,0,1,measured
138,094C,0,1,measured
139,3840,0,1,measured
140,770B,0,1,measured
141,CA84,0,1,measured
142,7038,0,1,measured
143,A929,0,1,measured
144,F4C2,0,1,measured
145,3D27,0,1,measured
146,8672,0,1,measured
147,D0C3,0,1,measured
148,1928,0,1,measured
149,6251,0,1,measured
150,AB8E,0,1,measured
152,2B76,0,1,measured
153,7466,0,1,measured
154,F848,0,1,measured
155,1C3B,0,1,measured
157,B3A8,0,1,measured
158,FBE5,0,1,measured
159,457C,0,1,measured
160,8EB8,0,1,measured
161,D868,0,1,measured
162,1EF6,0,1,measured
163,4B75,0,1,measured
164,94F5,0,1,measured
165,DDBD,0,1,measured
166,26E0,0,1,measured
167,A3BA,0,1,measured
168,BB46,0,1,measured
169,04A1,0,1,measured
170,4950,0,1,measured
171,9641,0,1,measured
172,DF1D,0,1,measured
173,285E,0,1,measured
174,7206,0,1,measured
175,BAF1,0,1,measured
176,E47C,0,1,measured
177,14D7,0,1,measured
178,5C6D,0,1,measured
179,A538,0,1,measured
180,5834,0,1,measured
181,8943,0,1,measured
182,D266,0,1,measured
183,1AF0,0,1,measured
184,64B0,0,1,measured
185,A9C7,0,1,measured
186,F4C6,0,1,measured
187,597C,0,1,measured
188,8A04,0,1,measured
189,D326,0,1,measured
190,1BC9,0,1,measured
191,6564,0,1,measured
192,AF19,0,1,measured
193,1A16,0,1,measured
194,40A9,0,1,measured
195,8D67,0,1,measured
196,D946,0,1,measured
197,1FB3,0,1,measured
198,696F,0,1,measured
199,B3A8,0,1,measured
200,F001,0,1,measured
202,8353,0,1,measured
203,C4D8,0,1,measured
204,0A50,0,1,measured
205,53A2,0,1,measured
206,D5D2,0,1,measured
207,0A98,0,1,measured
208,5243,0,1,measured
209,9D99,0,1,measured
210,E419,0,1,measured
211,2D88,0,1,measured
212,7AA2,0,1,measured
213,BDCC,0,1,measured
214,05EE,0,1,measured
215,2610,0,1,measured
216,7B8C,0,1,measured
217,C0FD,0,1,measured
218,0A5C,0,1,measured
219,8D97,0,1,measured
220,B225,0,1,measured
221,FB47,0,1,measured
222,4670,0,1,measured
223,8CE6,0,1,measured
224,D62B,0,1,measured
225,1FD6,0,1,measured
226,68AF,0,1,measured
228,D849,0,1,measured
229,157E,0,1,measured
230,596A,0,1,measured
231,A843,0,1,measured
232,F359,0,1,measured
233,3880,0,1,measured
234,8150,0,1,measured
235,CB28,0,1,measured
236,13CB,0,1,measured
237,5E01,0,1,measured
238,A641,0,1,measured
239,EF7F,0,1,measured
240,38CC,0,1,measured
241,6456,0,1,measured
242,8F21,0,1,measured
243,D788,0,1,measured
244,A532,0,1,measured
245,B5ED,0,1,measured
246,03DD,0,1,measured
247,4DB6,0,1,measured
248,950C,0,1,measured
249,DF28,0,1,measured
251,7205,0,1,measured
252,BB0C,0,1,measured
253,FBCE,0,1,measured
254,3A0D,0,1,measured
255,82EC,0,1,measured
256,CC0F,0,1,measured
257,6271,0,1,measured
258,9866,0,1,measured
259,E18D,0,1,measured
260,26CD,0,1,measured
261,746B,0,1,measured
262,BC77,0,1,measured
263,0691,0,1,measured
264,4EF7,0,1,measured
265,9903,0,1,measured
266,9903,0,1,measured
267,C51C,0,1,measured
268,1E42,0,1,measured
269,5B36,0,1,measured
270,A49A,0,1,measured
271,18A5,0,1,measured
272,5590,0,1,measured
273,9D65,0,1,measured
274,E635,0,1,measured
275,2F79,0,1,measured
276,743F,0,1,measured
277,C2B5,0,1,measured
279,5479,0,1,measured
281,E2BC,0,1,measured
283,D8A9,0,1,measured
284,03DD,0,1,measured
285,4CE1,0,1,measured
286,9591,0,1,measured
287,DF4B,0,1,measured
288,28D4,0,1,measured
290,B6B3,0,1,measured
291,0461,0,1,measured
292,4E1D,0,1,measured
293,966B,0,1,measured
294,E002,0,1,measured
295,2949,0,1,measured
296,8F99,0,1,measured
297,C180,0,1,measured
298,5D1E,0,1,measured
299,A75E,0,1,measured
300,F0B4,0,1,measured
301,39AB,0,1,measured
302,7495,0,1,measured
303,BCFA,0,1,measured
305,FA5F,0,1,measured
307,85B0,0,1,measured
308,CEFB,0,1,measured
309,4F22,0,1,measured
310,7B22,0,1,measured
311,C434,0,1,measured
312,0E79,0,1,measured
313,56EE,0,1,measured
314,9D8F,0,1,measured
315,FD06,0,1,measured
316,311A,0,1,measured
317,AE64,0,1,measured
318,F75C,0,1,measured
319,3BD6,0,1,measured
320,8950,0,1,measured
321,06EF,0,1,measured
322,2A28,0,1,measured
324,7346,0,1,measured
325,BCE0,0,1,measured
326,055B,0,1,measured
327,4F44,0,1,measured
328,97C2,0,1,measured
329,E0BA,0,1,measured
330,291A,0,1,measured
331,6C27,0,1,measured
332,A90E,0,1,measured
333,F1EE,0,1,measured
334,3B28,0,1,measured
335,7FEA,0,1,measured
336,2293,0,1,measured
337,6C8F,0,1,measured
339,FE6E,0,1,measured
340,3C82,0,1,measured
341,8551,0,1,measured
343,B0C6,0,1,measured
344,DEA5,0,1,measured
345,2705,0,1,measured
346,6FC8,0,1,measured
347,2080,0,1,measured
348,51A9,0,1,measured
349,9E4A,0,1,measured
350,DADC,0,1,measured
351,3409,0,1,measured
352,79E8,0,1,measured
353,C358,0,1,measured
354,10F6,0,1,measured
355,A193,0,1,measured
356,E1A7,0,1,measured
357,27FE,0,1,measured
358,7171,0,1,measured
359,DCC0,0,1,measured
360,1883,0,1,measured
362,60D7,0,1,measured
363,AD5A,0,1,measured
364,F361,0,1,measured
365,2F1D,0,1,measured
366,85E3,0,1,measured
367,D37C,0,1,measured
368,1921,0,1,measured
369,45A1,0,1,measured
370,9267,0,1,measured
372,21BE,0,1,measured
373,A10E,0,1,measured
374,2196,0,1,measured
375,6B05,0,1,measured
376,B369,0,1,measured
377,FC85,0,1,measured
379,60AD,0,1,measured
381,AE68,0,1,measured
382,DC58,0,1,measured
383,097C,0,1,measured
384,5149,0,1,measured
385,9A0B,0,1,measured
386,42AF,0,1,measured
387,7CC0,0,1,measured
389,0F92,0,1,measured
390,5813,0,1,measured
391,A161,0,1,measured
392,FB6C,0,1,measured
393,8958,0,1,measured
394,CDFD,0,1,measured
395,1C9E,0,1,measured
396,6517,0,1,measured
397,A20A,0,1,measured
398,01B6,0,1,measured
402,CB7D,0,1,measured
403,13B9,0,1,measured
404,5CF5,0,1,measured
405,A6F2,0,1,measured
406,EF82,0,1,measured
407,38BB,0,1,measured
408,7A6B,0,1,measured
409,B8AE,0,1,measured
410,F846,0,1,measured
411,4ABA,0,1,measured
412,04CC,0,1,measured
413,4D39,0,1,measured
414,9653,0,1,measured
415,DFA0,0,1,measured
416,1E0C,0,1,measured
417,73BD,0,1,measured
419,B23D,0,1,measured
420,FAB5,0,1,measured
421,2371,0,1,measured
422,6CE7,0,1,measured
423,B5B0,0,1,measured
424,3241,0,1,measured
425,4FC7,0,1,measured
426,9D5F,0,1,measured
427,E712,0,1,measured
428,2F65,0,1,measured
429,7851,0,1,measured
431,60AF,0,1,measured
432,A232,0,1,measured
433,DF13,0,1,measured
434,27E6,0,1,measured
435,655B,0,1,measured
436,AEB2,0,1,measured
438,F7CE,0,1,measured
439,4114,0,1,measured
440,8688,0,1,measured
441,D39F,0,1,measured
442,1CD4,0,1,measured
443,66AA,0,1,measured
444,AF56,0,1,measured
445,F89D,0,1,measured
446,25FF,0,1,measured
447,55D1,0,1,measured
448,9DCA,0,1,measured
449,E754,0,1,measured
450,D4C7,0,1,measured
451,211E,0,1,measured
452,6BBC,0,1,measured
453,B179,0,1,measured
454,E47D,0,1,measured
455,3C00,0,1,measured
457,88E6,0,1,measured
458,CDF7,0,1,measured
459,0F91,0,1,measured
460,5102,0,1,measured
461,9677,0,1,measured
462,E0E0,0,1,measured
463,50BE,0,1,measured
464,8CBF,0,1,measured
465,D0CD,0,1,measured
466,2927,0,1,measured
467,640E,0,1,measured
468,AE5D,0,1,measured
469,439F,0,1,measured
470,94C1,0,1,measured
471,C1DB,0,1,measured
472,15B4,0,1,measured
473,4A8C,0,1,measured
474,94C1,0,1,measured
476,EF4E,0,1,measured
477,23EF,0,1,measured
478,6BBC,0,1,measured
479,B434,0,1,measured
480,FD21,0,1,measured
481,4661,0,1,measured
482,8FFE,0,1,measured
483,D8E1,0,1,measured
484,214A,0,1,measured
485,4B7D,0,1,measured
487,8C6B,0,1,measured
488,C870,0,1,measured
489,FE47,0,1,measured
490,4751,0,1,measured
491,918E,0,1,measured
492,D860,0,1,measured
493,1846,0,1,measured
495,7C4D,0,1,measured
496,AB86,0,1,measured
497,F3C0,0,1,measured
498,3CA5,0,1,measured
499,85A5,0,1,measured
500,CAEB,0,1,measured
501,182B,0,1,measured
502,79E6,0,1,measured
503,A90B,0,1,measured
505,3A29,0,1,measured
506,847C,0,1,measured
508,6C07,0,1,measured
509,BD39,0,1,measured
510,DC0B,0,1,measured
511,0E40,0,1,measured
512,570E,0,1,measured
514,E919,0,1,measured
515,1392,0,1,measured
516,6144,0,1,measured
517,AAD5,0,1,measured
518,F3E8,0,1,measured
519,3C1E,0,1,measured
520,867D,0,1,measured
521,E9EA,0,1,measured
522,186C,0,1,measured
523,6130,0,1,measured
524,AA79,0,1,measured
525,F396,0,1,measured
526,BBE8,0,1,measured
527,E185,0,1,measured
528,2A85,0,1,measured
529,6F77,0,1,measured
530,B06E,0,1,measured
531,F939,0,1,measured
533,428C,0,1,measured
534,8C36,0,1,measured
535,D504,0,1,measured
536,15F6,0,1,measured
537,55AB,0,1,measured
538,9D01,0,1,measured
539,E62F,0,1,measured
540,2F85,0,1,measured
541,78BA,0,1,measured
542,C1F0,0,1,measured
543,0BD9,0,1,measured
544,5467,0,1,measured
545,F357,0,1,measured
546,3BEF,0,1,measured
547,853A,0,1,measured
548,AE01,0,1,measured
549,D1E2,0,1,measured
550,1AD1,0,1,measured
552,63F0,0,1,measured
553,0EFB,0,1,measured
554,45A4,0,1,measured
555,9136,0,1,measured
556,D9AE,0,1,measured
557,2302,0,1,measured
558,6C55,0,1,measured
559,B64B,0,1,measured
560,F425,0,1,measured
563,C7DE,0,1,measured
564,6435,0,1,measured
565,DD3C,0,1,measured
567,54BB,0,1,measured
568,90BD,0,1,measured
569,DA7B,0,1,measured
571,23B3,0,1,measured
572,6D4E,0,1,measured
573,B3FB,0,1,measured
574,FC4E,0,1,measured
576,74EF,0,1,measured
577,BDB9,0,1,measured
578,06E8,0,1,measured
579,8861,0,1,measured
580,BEAE,0,1,measured
581,07CE,0,1,measured
582,52F7,0,1,measured
583,EF1C,0,1,measured
584,37AB,0,1,measured
585,6384,0,1,measured
586,AB8A,0,1,measured
587,CC16,0,1,measured
588,FAD5,0,1,measured
590,3F53,0,1,measured
591,8D38,0,1,measured
592,4555,0,1,measured
593,6F3F,0,1,measured
594,B848,0,1,measured
595,00F7,0,1,measured
596,4A9A,0,1,measured
597,942E,0,1,measured
598,FCA7,0,1,measured
599,26B3,0,1,measured
600,6FD5,0,1,measured
601,B873,0,1,measured
602,5760,0,1,measured
603,BBFC,0,1,measured
604,E366,0,1,measured
605,3139,0,1,measured
606,7086,0,1,measured
607,BA51,0,1,measured
609,0261,0,1,measured
610,4BA9,0,1,measured
611,9719,0,1,measured
612,DBDD,0,1,measured
613,1CA1,0,1,measured
614,3E62,0,1,measured
615,85AA,0,1,measured
616,CE87,0,1,measured
617,71E7,0,1,measured
618,A1C1,0,1,measured
619,EAD4,0,1,measured
620,2DBB,0,1,measured
621,D235,0,1,measured
622,1B66,0,1,measured
623,65A7,0,1,measured
624,AA1F,0,1,measured
625,C879,0,1,measured
626,F3DE,0,1,measured
628,3B2E,0,1,measured
629,8416,0,1,measured
630,1E20,0,1,measured
631,4543,0,1,measured
632,8E66,0,1,measured
633,D7FB,0,1,measured
634,2079,0,1,measured
635,64B9,0,1,measured
636,B293,0,1,measured
637,FC39,0,1,measured
638,451F,0,1,measured
639,4F4F,0,1,measured
640,E09C,0,1,measured
641,2A38,0,1,measured
642,970B,0,1,measured
643,DCDE,0,1,measured
644,1AC5,0,1,measured
645,64B9,0,1,measured
647,AD4D,0,1,measured
648,F68B,0,1,measured
649,4076,0,1,measured
650,84B7,0,1,measured
651,D244,0,1,measured
652,E0B3,0,1,measured
653,0C51,0,1,measured
654,54F3,0,1,measured
655,9D0E,0,1,measured
656,411E,0,1,measured
657,79B0,0,1,measured
658,C551,0,1,measured
659,6040,0,1,measured
660,AB24,0,1,measured
661,F513,0,1,measured
662,3DA0,0,1,measured
663,7C2F,0,1,measured
664,B72E,0,1,measured
666,FC16,0,1,measured
667,44DE,0,1,measured
668,8E21,0,1,measured
669,2071,0,1,measured
670,5C70,0,1,measured
671,A50D,0,1,measured
672,EEEA,0,1,measured
673,3781,0,1,measured
674,7FF9,0,1,measured
675,CA76,0,1,measured
676,1323,0,1,measured
677,5C0E,0,1,measured
678,E295,0,1,measured
679,24AF,0,1,measured
680,743A,0,1,measured
681,10B9,0,1,measured
683,855C,0,1,measured
685,CF09,0,1,measured
686,1775,0,1,measured
687,6168,0,1,measured
688,AA04,0,1,measured
689,F2DD,0,1,measured
690,3B4A,0,1,measured
691,6A94,0,1,measured
692,942B,0,1,measured
693,DD36,0,1,measured
694,64D5,0,1,measured
695,9A41,0,1,measured
696,E812,0,1,measured
697,877C,0,1,measured
698,E0A3,0,1,measured
699,19D5,0,1,measured
700,70E5,0,1,measured
701,A21F,0,1,measured
702,E885,0,1,measured
704,31E8,0,1,measured
705,7B69,0,1,measured
706,C450,0,1,measured
708,5BAE,0,1,measured
709,A382,0,1,measured
710,E83C,0,1,measured
711,3743,0,1,measured
712,7F4A,0,1,measured
713,C892,0,1,measured
714,11DD,0,1,measured
715,5BC1,0,1,measured
716,0DC9,0,1,measured
717,5573,0,1,measured
718,9DD2,0,1,measured
719,DBBB,0,1,measured
720,0B67,0,1,measured
721,54F3,0,1,measured
723,9DB2,0,1,measured
724,E61E,0,1,measured
725,2C02,0,1,measured
726,78A6,0,1,measured
727,C1E3,0,1,measured
729,4CDE,0,1,measured
730,8B37,0,1,measured
731,D3F4,0,1,measured
732,1E19,0,1,measured
733,A19D,0,1,measured
734,C56D,0,1,measured
735,644E,0,1,measured
736,AC82,0,1,measured
737,F5AA,0,1,measured
738,3EF8,0,1,measured
739,77CC,0,1,measured
740,C530,0,1,measured
742,0613,0,1,measured
743,4592,0,1,measured
744,8D1F,0,1,measured
745,D66C,0,1,measured
746,20F1,0,1,measured
747,6923,0,1,measured
748,B21B,0,1,measured
749,FC05,0,1,measured
750,44AC,0,1,measured
751,8DD4,0,1,measured
752,D7C0,0,1,measured
753,2054,0,1,measured
754,9E4D,0,1,measured
755,D1E1,0,1,measured
756,19C4,0,1,measured
757,628C,0,1,measured
758,05C3,0,1,measured
759,3A63,0,1,measured
761,8559,0,1,measured
762,D12F,0,1,measured
763,15DF,0,1,measured
764,612D,0,1,measured
765,ACB5,0,1,measured
766,F3A6,0,1,measured
768,8066,0,1,measured
770,FA4B,0,1,measured
771,4ED5,0,1,measured
772,BDDF,0,1,measured
773,4E6E,0,1,measured
774,98B9,0,1,measured
775,E0DE,0,1,measured
776,2A9A,0,1,measured
777,6B2C,0,1,measured
778,B2B3,0,1,measured
780,FB3F,0,1,measured
781,2C0E,0,1,measured
782,73F9,0,1,measured
783,BCB8,0,1,measured
784,3AEF,0,1,measured
785,6590,0,1,measured
786,B212,0,1,measured
787,FB3A,0,1,measured
788,434B,0,1,measured
789,8D64,0,1,measured
790,D5C7,0,1,measured
791,2052,0,1,measured
792,A13D,0,1,measured
793,CF9A,0,1,measured
794,183D,0,1,measured
795,60FB,0,1,measured
796,E111,0,1,measured
797,179E,0,1,measured
799,60B7,0,1,measured
800,A5F1,0,1,measured
801,F2E9,0,1,measured
802,46EA,0,1,measured
803,84CA,0,1,measured
804,E2B8,0,1,measured
805,1779,0,1,measured
806,6097,0,1,measured
807,AB23,0,1,measured
808,F31E,0,1,measured
809,3BC1,0,1,measured
810,9C36,0,1,measured
811,24CF,0,1,measured
812,6E3B,0,1,measured
813,B772,0,1,measured
814,F959,0,1,measured
815,3ED0,0,1,measured
816,86A2,0,1,measured
818,D09F,0,1,measured
819,2CC6,0,1,measured
820,6C91,0,1,measured
821,B480,0,1,measured
822,FEA5,0,1,measured
823,4B87,0,1,measured
824,8F91,0,1,measured
825,D77F,0,1,measured
826,20AF,0,1,measured
827,68C2,0,1,measured
828,B2BD,0,1,measured
829,101C,0,1,measured
830,9AE4,0,1,measured
831,C3EB,0,1,measured
832,0C0A,0,1,measured
833,5494,0,1,measured
834,9227,0,1,measured
835,14E1,0,1,measured
839,CB2E,0,1,measured
840,13E7,0,1,measured
841,5D2B,0,1,measured
842,A6D3,0,1,measured
843,EFC3,0,1,measured
844,3820,0,1,measured
845,7698,0,1,measured
846,B821,0,1,measured
847,00FD,0,1,measured
848,4B66,0,1,measured
849,E61D,0,1,measured
850,2ECB,0,1,measured
851,78F2,0,1,measured
852,C140,0,1,measured
853,FF6E,0,1,measured
854,700F,0,1,measured
856,AEDF,0,1,measured
857,F821,0,1,measured
858,2606,0,1,measured
859,5505,0,1,measured
860,9890,0,1,measured
861,E74B,0,1,measured
862,7CC0,0,1,measured
863,AB9E,0,1,measured
864,F56A,0,1,measured
865,3DD7,0,1,measured
866,873B,0,1,measured
867,D166,0,1,measured
868,6EC0,0,1,measured
869,B7ED,0,1,measured
870,F9C4,0,1,measured
871,375B,0,1,measured
872,7509,0,1,measured
873,E19B,0,1,measured
875,1A5C,0,1,measured
876,69F6,0,1,measured
877,B32B,0,1,measured
878,FC60,0,1,measured
879,45A8,0,1,measured
880,8EF9,0,1,measured
882,225B,0,1,measured
883,509A,0,1,measured
884,9A17,0,1,measured
886,2C10,0,1,measured
887,C8C8,0,1,measured
888,12F6,0,1,measured
889,560C,0,1,measured
890,A57C,0,1,measured
891,E171,0,1,measured
892,2CB1,0,1,measured
894,76B6,0,1,measured
895,C000,0,1,measured
896,ECB2,0,1,measured
897,1BEA,0,1,measured
898,6491,0,1,measured
899,AD83,0,1,measured
900,61DE,0,1,measured
901,912E,0,1,measured
902,DDE3,0,1,measured
903,2725,0,1,measured
904,6D89,0,1,measured
905,AD95,0,1,measured
906,639D,0,1,measured
908,E883,0,1,measured
909,3296,0,1,measured
910,70EC,0,1,measured
911,B9FA,0,1,measured
913,1E0E,0,1,measured
914,4ED3,0,1,measured
915,97C7,0,1,measured
916,E230,0,1,measured
917,2B4B,0,1,measured
918,72E3,0,1,measured
919,BE4E,0,1,measured
921,4F74,0,1,measured
922,9031,0,1,measured
923,D0CC,0,1,measured
924,17ED,0,1,measured
925,D395,0,1,measured
926,0B23,0,1,measured
927,531F,0,1,measured
928,A528,0,1,measured
929,DAFF,0,1,measured
930,2462,0,1,measured
932,78ED,0,1,measured
933,B6DD,0,1,measured
934,FF22,0,1,measured
935,3E69,0,1,measured
936,9D25,0,1,measured
937,DBB3,0,1,measured
938,259F,0,1,measured
939,96AA,0,1,measured
940,B1BD,0,1,measured
941,FABF,0,1,measured
942,45EE,0,1,measured
943,8C66,0,1,measured
944,2B7F,0,1,measured
946,BD01,0,1,measured
947,FFA5,0,1,measured
948,30B9,0,1,measured
949,74FF,0,1,measured
951,A387,0,1,measured
952,25D0,0,1,measured
953,6577,0,1,measured
954,AEB1,0,1,measured
955,F892,0,1,measured
956,4147,0,1,measured
957,8B60,0,1,measured
958,D3A2,0,1,measured
959,1CEC,0,1,measured
960,6637,0,1,measured
961,8CC8,0,1,measured
962,B09B,0,1,measured
963,74D6,0,1,measured
964,AC32,0,1,measured
965,FD4F,0,1,measured
966,46C5,0,1,measured
967,8526,0,1,measured
968,CE80,0,1,measured
970,17A2,0,1,measured
972,AB1E,0,1,measured
973,F363,0,1,measured
974,3CA7,0,1,measured
975,85EA,0,1,measured
976,CF28,0,1,measured
977,6A68,0,1,measured
979,D795,0,1,measured
980,1CA2,0,1,measured
981,6951,0,1,measured
982,08AD,0,1,measured
983,51C6,0,1,measured
984,9754,0,1,measured
985,D82A,0,1,measured
986,EE0B,0,1,measured
987,370D,0,1,measured
989,7FD0,0,1,measured
990,F8BF,0,1,measured
991,34A2,0,1,measured
992,7DE5,0,1,measured
993,C786,0,1,measured
994,100E,0,1,measured
995,546C,0,1,measured
996,863E,0,1,measured
997,D035,0,1,measured
998,1894,0,1,measured
999,4520,0,1,measured
1000,753F,0,1,measured
1001,1071,0,1,measured
1002,D738,0,1,measured
1003,10C0,0,1,measured
1004,59C3,0,1,measured
1005,9768,0,1,measured
1006,DFE6,0,1,measured
1008,2942,0,1,measured
1009,8332,0,1,measured
1010,B6D2,0,1,measured
1011,04B0,0,1,measured
1012,4DC9,0,1,measured
1013,97C7,0,1,measured
1014,E0F8,0,1,measured
1015,2980,0,1,measured
1016,93B6,0,1,measured
1017,C093,0,1,measured
1018,0BF0,0,1,measured
1019,5631,0,1,measured
1020,F197,0,1,measured
1021,423A,0,1,measured
1022,8515,0,1,measured
1023,CE3C,0,1,measured
1024,F9F8,0,1,measured
1025,4534,0,1,measured
1027,8C5B,0,1,measured
1029,4F09,0,1,measured
1030,8743,0,1,measured
1031,CFB0,0,1,measured
1032,1AE9,0,1,measured
1033,6227,0,1,measured
1034,AB78,0,1,measured
1035,FD9F,0,1,measured
1036,3FC6,0,1,measured
1037,8839,0,1,measured
1038,B2A4,0,1,measured
1039,43BA,0,1,measured
1040,96A5,0,1,measured
1041,0B4C,0,1,measured
1042,34A4,0,1,measured
1043,7168,0,1,measured
1044,BAED,0,1,measured
1046,0380,0,1,measured
1048,960C,0,1,measured
1049,DECC,0,1,measured
1050,2757,0,1,measured
1051,503B,0,1,measured
1052,8D80,0,1,measured
1053,D5CE,0,1,measured
1054,2C64,0,1,measured
1055,67AE,0,1,measured
1056,B5D1,0,1,measured
1057,FEF0,0,1,measured
1058,9C5F,0,1,measured
1059,E4D7,0,1,measured
1060,2FC1,0,1,measured
1061,778F,0,1,measured
1062,9A3F,0,1,measured
1063,C4E9,0,1,measured
1065,0DEE,0,1,measured
1066,56C2,0,1,measured
1067,DE07,0,1,measured
1068,181F,0,1,measured
1069,60BC,0,1,measured
1070,A247,0,1,measured
1071,F33C,0,1,measured
1072,3C87,0,1,measured
1073,85C3,0,1,measured
1074,CEFC,0,1,measured
1075,18F4,0,1,measured
1076,59FD,0,1,measured
1077,EABE,0,1,measured
1078,33F9,0,1,measured
1079,E59F,0,1,measured
1080,1FFA,0,1,measured
1081,5D57,0,1,measured
1082,A686,0,1,measured
1084,F02A,0,1,measured
1085,3132,0,1,measured
1086,82F4,0,1,measured
1087,CAC7,0,1,measured
1088,14CF,0,1,measured
1089,442B,0,1,measured
1090,9D14,0,1,measured
1091,DA9A,0,1,measured
1093,9DEA,0,1,measured
1094,D2B5,0,1,measured
1095,1DF8,0,1,measured
1096,B9EA,0,1,measured
1097,0584,0,1,measured
1099,72C5,0,1,measured
1100,B621,0,1,measured
1101,E3CA,0,1,measured
1103,0E9C,0,1,measured
1104,57A0,0,1,measured
1106,4B18,0,1,measured
1107,8338,0,1,measured
1108,CC52,0,1,measured
1109,13C8,0,1,measured
1110,5DBA,0,1,measured
1111,A632,0,1,measured
1112,009C,0,1,measured
1113,3993,0,1,measured
1114,81F2,0,1,measured
1115,2050,0,1,measured
1116,6967,0,1,measured
1117,B2A3,0,1,measured
1118,108F,0,1,measured
1119,3BA4,0,1,measured
1120,84C2,0,1,measured
1122,D024,0,1,measured
1123,166E,0,1,measured
1124,60A1,0,1,measured
1125,A8F8,0,1,measured
1126,F309,0,1,measured
1127,3B70,0,1,measured
1128,7F17,0,1,measured
1129,BC08,0,1,measured
1130,FFAD,0,1,measured
1131,4F53,0,1,measured
1132,C743,0,1,measured
1133,F70F,0,1,measured
1134,95D7,0,1,measured
1135,DE2A,0,1,measured
1136,2930,0,1,measured
1137,89A5,0,1,measured
1138,B167,0,1,measured
1139,FA89,0,1,measured
1141,245A,0,1,measured
1142,6CB4,0,1,measured
1143,B640,0,1,measured
1144,3B25,0,1,measured
1145,58FC,0,1,measured
1146,A6B1,0,1,measured
1147,F056,0,1,measured
1148,38E3,0,1,measured
1149,8199,0,1,measured
1150,CAD3,0,1,measured
1151,14A0,0,1,measured
1152,5DAA,0,1,measured
1153,E847,0,1,measured
1154,3131,0,1,measured
1155,7A5E,0,1,measured
1156,C3B0,0,1,measured
1158,4A49,0,1,measured
1160,8FD8,0,1,measured
1161,DCD8,0,1,measured
1162,2626,0,1,measured
1164,B885,0,1,measured
1165,0201,0,1,measured
1166,2D6F,0,1,measured
1167,5BC4,0,1,measured
1168,A3AE,0,1,measured
1169,ED63,0,1,measured
1170,9E23,0,1,measured
1171,CE69,0,1,measured
1172,7065,0,1,measured
1173,B77A,0,1,measured
1174,F563,0,1,measured
1175,4AE0,0,1,measured
1176,8DC7,0,1,measured
1177,D2C5,0,1,measured
1180,559A,0,1,measured
1181,9B1D,0,1,measured
1182,E59A,0,1,measured
1183,5990,0,1,measured
1184,94A0,0,1,measured
1185,DD94,0,1,measured
1186,2A08,0,1,measured
1187,7007,0,1,measured
1188,B99B,0,1,measured
1189,06F9,0,1,measured
1190,3F72,0,1,measured
1191,CC6D,0,1,measured
1192,178B,0,1,measured
1193,5E4A,0,1,measured
1194,A7C1,0,1,measured
1195,1AA4,0,1,measured
1196,492E,0,1,measured
1199,D941,0,1,measured
1200,223B,0,1,measured
1201,6B85,0,1,measured
1202,974E,0,1,measured
1203,E06E,0,1,measured
1204,284D,0,1,measured
1205,545A,0,1,measured
1206,8374,0,1,measured
1207,CC70,0,1,measured
1208,167C,0,1,measured
1209,C722,0,1,measured
1210,4EA0,0,1,measured
1211,9886,0,1,measured
1212,E04B,0,1,measured
1213,299D,0,1,measured
1214,7745,0,1,measured
1215,B00E,0,1,measured
1217,F850,0,1,measured
1218,42E1,0,1,measured
1219,8AD3,0,1,measured
1220,CF71,0,1,measured
1221,1E91,0,1,measured
1222,7C36,0,1,measured
1223,AF12,0,1,measured
1224,FC72,0,1,measured
1225,4660,0,1,measured
1226,8AA4,0,1,measured
1227,D91C,0,1,measured
1228,2174,0,1,measured
1229,BF21,0,1,measured
1230,0189,0,1,measured
1231,3E9B,0,1,measured
1232,8761,0,1,measured
1233,F719,0,1,measured
1234,216B,0,1,measured
1236,73C7,0,1,measured
1237,BDB6,0,1,measured
1238,064F,0,1,measured
1239,4F85,0,1,measured
1240,98C7,0,1,measured
1242,2DBA,0,1,measured
1243,5574,0,1,measured
1244,9ED9,0,1,measured
1245,E797,0,1,measured
1246,30E6,0,1,measured
1247,B216,0,1,measured
1248,2858,0,1,measured
1249,6D31,0,1,measured
1250,BA29,0,1,measured
1251,0334,0,1,measured
1252,4031,0,1,measured
1253,89F9,0,1,measured
1255,D2AE,0,1,measured
1256,13B9,0,1,measured
1257,536E,0,1,measured
1259,E3F8,0,1,measured
1260,2D49,0,1,measured
1261,767D,0,1,measured
1262,BFAA,0,1,measured
1263,099F,0,1,measured
1264,5230,0,1,measured
1265,9701,0,1,measured
1266,E551,0,1,measured
1267,8302,0,1,measured
1268,B058,0,1,measured
1269,DF86,0,1,measured
1270,2755,0,1,measured
1271,6652,0,1,measured
1274,4603,0,1,measured
1275,95A7,0,1,measured
1276,E16B,0,1,measured
1277,235C,0,1,measured
1278,70C4,0,1,measured
1279,BE3C,0,1,measured
1280,F69D,0,1,measured
1281,4CA6,0,1,measured
1282,8E2F,0,1,measured
1283,CFA8,0,1,measured
1284,1522,0,1,measured
1285,5E87,0,1,measured
1286,160D,0,1,measured
1287,5D80,0,1,measured
1288,A8CC,0,1,measured
1289,ED27,0,1,measured
1290,2B65,0,1,measured
1291,7897,0,1,measured
1293,BDE1,0,1,measured
1294,0628,0,1,measured
1295,2DB0,0,1,measured
1296,822D,0,1,measured
1297,C78E,0,1,measured
1298,1234,0,1,measured
1299,96D5,0,1,measured
1300,C4CC,0,1,measured
1301,0E00,0,1,measured
1302,5928,0,1,measured
1303,9FB5,0,1,measured
1305,87BC,0,1,measured
1306,D035,0,1,measured
1308,0E47,0,1,measured
1309,4668,0,1,measured
1310,961B,0,1,measured
1312,3B29,0,1,measured
1313,7673,0,1,measured
1315,0979,0,1,measured
1316,6740,0,1,measured
1317,9E5F,0,1,measured
1318,F61E,0,1,measured
1319,2EC5,0,1,measured
1320,777F,0,1,measured
1321,C0C6,0,1,measured
1322,0A69,0,1,measured
1323,5341,0,1,measured
1324,EC58,0,1,measured
1325,3917,0,1,measured
1326,826C,0,1,measured
1327,CB9B,0,1,measured
1328,0894,0,1,measured
1329,51D5,0,1,measured
1331,9B34,0,1,measured
1332,E53B,0,1,measured
1333,5352,0,1,measured
1334,88CE,0,1,measured
1335,D1FE,0,1,measured
1336,1BA5,0,1,measured
1337,656F,0,1,measured
1338,9E72,0,1,measured
1339,E792,0,1,measured
1340,2C9A,0,1,measured
1341,7A29,0,1,measured
1342,C277,0,1,measured
1343,6EAA,0,1,measured
1344,AAA5,0,1,measured
1345,F3BF,0,1,measured
1346,3D5C,0,1,measured
1347,79EC,0,1,measured
1348,C3E1,0,1,measured
1350,3160,0,1,measured
1352,9B64,0,1,measured
1353,E527,0,1,measured
1354,2D6F,0,1,measured
1355,71AE,0,1,measured
1356,BFA2,0,1,measured
1357,0B99,0,1,measured
1358,5222,0,1,measured
1359,9307,0,1,measured
1360,D4B1,0,1,measured
1361,1A11,0,1,measured
1362,E4F8,0,1,measured
1363,20F6,0,1,measured
1364,6A1F,0,1,measured
1365,B524,0,1,measured
1366,F02D,0,1,measured
1367,3998,0,1,measured
1369,85B2,0,1,measured
1370,C775,0,1,measured
1371,1539,0,1,measured
1372,228A,0,1,measured
1373,6F4B,0,1,measured
1374,B537,0,1,measured
1375,FDDB,0,1,measured
1376,68B1,0,1,measured
1377,A83D,0,1,measured
1378,F1E2,0,1,measured
1379,3CA6,0,1,measured
1380,83B7,0,1,measured
1381,2293,0,1,measured
1382,6A42,0,1,measured
1383,B358,0,1,measured
1384,D158,0,1,measured
1385,F1CA,0,1,measured
1386,380C,0,1,measured
1388,80D8,0,1,measured
1390,847E,0,1,measured
1391,CD84,0,1,measured
1392,17FC,0,1,measured
1393,6013,0,1,measured
1394,A72F,0,1,measured
1395,0603,0,1,measured
1396,38A2,0,1,measured
1397,81B4,0,1,measured
1398,CB14,0,1,measured
1399,1428,0,1,measured
1400,9340,0,1,measured
1401,1E4A,0,1,measured
1402,4F68,0,1,measured
1404,D5DB,0,1,measured
1407,4969,0,1,measured
1408,9239,0,1,measured
1409,DA85,0,1,measured
1410,2307,0,1,measured
1411,6D7D,0,1,measured
1412,B587,0,1,measured
1413,FECB,0,1,measured
1414,692E,0,1,measured
1415,9E13,0,1,measured
1416,EBDE,0,1,measured
1417,351C,0,1,measured
1418,7F2E,0,1,measured
1419,1D11,0,1,measured
1420,74BE,0,1,measured
1421,B009,0,1,measured
1422,F8F9,0,1,measured
1423,3696,0,1,measured
1424,7F17,0,1,measured
1426,C858,0,1,measured
1427,2C26,0,1,measured
1428,5EB9,0,1,measured
1429,A990,0,1,measured
1430,E821,0,1,measured
1431,3DC3,0,1,measured
1432,8537,0,1,measured
1433,CEAB,0,1,measured
1435,61C0,0,1,measured
1436,A2D2,0,1,measured
1437,E2FC,0,1,measured
1438,7D42,0,1,measured
1439,EE8A,0,1,measured
1440,2ACF,0,1,measured
1441,732A,0,1,measured
1442,B35C,0,1,measured
1443,FAF7,0,1,measured
1445,38D7,0,1,measured
1446,8D7C,0,1,measured
1447,D93D,0,1,measured
1448,20AC,0,1,measured
1449,48C1,0,1,measured
1450,93C5,0,1,measured
1451,DB12,0,1,measured
1452,2484,0,1,measured
1454,CAD2,0,1,measured
1455,13E0,0,1,measured
1456,5D80,0,1,measured
1457,FB00,0,1,measured
1458,4450,0,1,measured
1459,891C,0,1,measured
1460,D6D5,0,1,measured
1462,4AF0,0,1,measured
1464,9271,0,1,measured
1465,DBBB,0,1,measured
1466,2957,0,1,measured
1467,6D9D,0,1,measured
1468,B5F6,0,1,measured
1469,FFF0,0,1,measured
1470,4E13,0,1,measured
1471,9282,0,1,measured
1472,017C,0,1,measured
1473,4590,0,1,measured
1474,8D90,0,1,measured
1475,B7EA,0,1,measured
1476,3BB9,0,1,measured
1477,8397,0,1,measured
1478,08D2,0,1,measured
1480,7E46,0,1,measured
1481,C896,0,1,measured
1483,10B8,0,1,measured
1484,5A0E,0,1,measured
1485,8394,0,1,measured
1486,CDAA,0,1,measured
1487,15E2,0,1,measured
1488,5877,0,1,measured
1489,9386,0,1,measured
1490,D7F0,0,1,measured
1492,BD2E,0,1,measured
1493,F3FE,0,1,measured
1494,3D3C,0,1,measured
1495,DB5F,0,1,measured
1496,25A1,0,1,measured
1497,6DF2,0,1,measured
1499,F314,0,1,measured
1500,2431,0,1,measured
1502,4FDF,0,1,measured
1504,36AE,0,1,measured
1505,6582,0,1,measured
1506,B387,0,1,measured
1507,FF5D,0,1,measured
1508,4768,0,1,measured
1509,8F5F,0,1,measured
1510,D9ED,0,1,measured
1511,251C,0,1,measured
1512,6CC0,0,1,measured
1513,9A96,0,1,measured
1514,FC23,0,1,measured
1515,446A,0,1,measured
1517,26DA,0,1,measured
1518,6432,0,1,measured
1519,A7D4,0,1,measured
1521,F6B0,0,1,measured
1522,4E97,0,1,measured
1523,8838,0,1,measured
1524,DC40,0,1,measured
1525,1BD0,0,1,measured
1526,630F,0,1,measured
1527,AD79,0,1,measured
1528,F6C8,0,1,measured
1529,3EC6,0,1,measured
1531,D38F,0,1,measured
1532,1CA1,0,1,measured
1533,BB7B,0,1,measured
1534,FF43,0,1,measured
1535,4DEB,0,1,measured
1536,965C,0,1,measured
1537,D4D6,0,1,measured
1538,3325,0,1,measured
1540,7893,0,1,measured
1541,BBC8,0,1,measured
1542,0676,0,1,measured
1543,56E0,0,1,measured
1544,968A,0,1,measured
1545,DEE4,0,1,measured
1546,2967,0,1,measured
1547,7170,0,1,measured
1548,BAAF,0,1,measured
1549,0486,0,1,measured
1550,4888,0,1,measured
1551,9658,0,1,measured
1552,1513,0,1,measured
1553,5DE4,0,1,measured
1554,A713,0,1,measured
1555,2370,0,1,measured
1556,41D3,0,1,measured
1557,8960,0,1,measured
1559,D1D9,0,1,measured
1560,1AA5,0,1,measured
1561,63EB,0,1,measured
1562,ADA0,0,1,measured
1563,F681,0,1,measured
1564,3EEA,0,1,measured
1565,7D3F,0,1,measured
1567,07B4,0,1,measured
1568,522A,0,1,measured
1569,9A47,0,1,measured
1570,E36D,0,1,measured
1571,82A5,0,1,measured
1572,CAF3,0,1,measured
1574,5D5C,0,1,measured
1575,9AE7,0,1,measured
1576,E430,0,1,measured
1578,1237,0,1,measured
1579,4132,0,1,measured
1580,84B2,0,1,measured
1581,D370,0,1,measured
1582,7B3B,0,1,measured
1583,B4BB,0,1,measured
1584,FE72,0,1,measured
1585,46FF,0,1,measured
1586,9053,0,1,measured
1587,DA83,0,1,measured
1588,22CB,0,1,measured
1589,6C0F,0,1,measured
1590,0239,0,1,measured
1591,3FEF,0,1,measured
1592,88C2,0,1,measured
1593,0221,0,1,measured
1594,2094,0,1,measured
1595,6E3C,0,1,measured
1597,B810,0,1,measured
1598,0049,0,1,measured
1599,4949,0,1,measured
1600,9284,0,1,measured
1601,DC42,0,1,measured
1602,254B,0,1,measured
1603,548E,0,1,measured
1604,9CEF,0,1,measured
1605,E590,0,1,measured
1606,2EDD,0,1,measured
1607,AD56,0,1,measured
1608,E4C3,0,1,measured
1610,CE82,0,1,measured
1611,1525,0,1,measured
1612,60CF,0,1,measured
1613,9D7E,0,1,measured
1614,E79D,0,1,measured
1616,1424,0,1,measured
1617,24C8,0,1,measured
1618,6BE5,0,1,measured
1619,B4D0,0,1,measured
1620,611B,0,1,measured
1621,9769,0,1,measured
1622,E079,0,1,measured
1623,29D1,0,1,measured
1624,7352,0,1,measured
1626,0624,0,1,measured
1627,5E1B,0,1,measured
1628,EC24,0,1,measured
1629,3672,0,1,measured
1630,7E9F,0,1,measured
1631,C8DF,0,1,measured
1632,1ADD,0,1,measured
1633,4BF2,0,1,measured
1635,9512,0,1,measured
1637,26CD,0,1,measured
1638,70CE,0,1,measured
1639,BC43,0,1,measured
1640,FF19,0,1,measured
1641,4BCA,0,1,measured
1642,8D85,0,1,measured
1643,CBBD,0,1,measured
1644,148A,0,1,measured
1645,5DBE,0,1,measured
1646,D769,0,1,measured
1647,5ACA,0,1,measured
1648,A4C6,0,1,measured
1649,EC4F,0,1,measured
1650,366A,0,1,measured
1651,8A17,0,1,measured
1652,BC93,0,1,measured
1654,04D3,0,1,measured
1655,4AA2,0,1,measured
1656,980B,0,1,measured
1658,2B05,0,1,measured
1659,9E14,0,1,measured
1660,BC7D,0,1,measured
1661,0799,0,1,measured
1662,52D2,0,1,measured
1663,973A,0,1,measured
1664,E29B,0,1,measured
1665,2E8A,0,1,measured
1666,C940,0,1,measured
1667,0C10,0,1,measured
1668,48B2,0,1,measured
1669,8B3C,0,1,measured
1670,D0B7,0,1,measured
1671,1B1F,0,1,measured
1673,6213,0,1,measured
1674,AB49,0,1,measured
1675,F536,0,1,measured
1676,3DC2,0,1,measured
1677,8803,0,1,measured
1678,D27B,0,1,measured
1680,62D3,0,1,measured
1681,8C3E,0,1,measured
1682,BB2E,0,1,measured
1683,038C,0,1,measured
1684,AAFA,0,1,measured
1685,3761,0,1,measured
1686,8148,0,1,measured
1687,C84B,0,1,measured
1689,5133,0,1,measured
1690,9B45,0,1,measured
1692,E4A6,0,1,measured
1693,25DA,0,1,measured
1694,8385,0,1,measured
1695,CA0D,0,1,measured
1696,1341,0,1,measured
1697,70D0,0,1,measured
1698,9F0A,0,1,measured
1700,2D2A,0,1,measured
1701,7A53,0,1,measured
1702,C32E,0,1,measured
1703,0C65,0,1,measured
1704,AB4A,0,1,measured
1706,23B1,0,1,measured
1707,6B51,0,1,measured
1708,A8AF,0,1,measured
1709,17BA,0,1,measured
1711,5892,0,1,measured
1712,A3E1,0,1,measured
1713,EDC9,0,1,measured
1714,3424,0,1,measured
1715,78A6,0,1,measured
1716,C9A2,0,1,measured
1717,14D1,0,1,measured
1718,5B5D,0,1,measured
1719,87D1,0,1,measured
1720,D83D,0,1,measured
1721,1C46,0,1,measured
1722,6554,0,1,measured
1723,1760,0,1,measured
1725,A9DA,0,1,measured
1726,F2E8,0,1,measured
1727,2F94,0,1,measured
1728,8CAB,0,1,measured
1730,BB4A,0,1,measured
1732,54A8,0,1,measured
1733,9F23,0,1,measured
1734,E713,0,1,measured
1735,3057,0,1,measured
1736,93D0,0,1,measured
1737,C22E,0,1,measured
1738,09D9,0,1,measured
1739,5247,0,1,measured
1740,9B38,0,1,measured
1741,E46F,0,1,measured
1742,833B,0,1,measured
1743,CBA9,0,1,measured
1744,09C9,0,1,measured
1745,4B25,0,1,measured
1746,8820,0,1,measured
1747,D2A4,0,1,measured
1749,532B,0,1,measured
1750,7E71,0,1,measured
1751,C77B,0,1,measured
1752,183E,0,1,measured
1753,5931,0,1,measured
1754,A270,0,1,measured
1755,FC06,0,1,measured
1756,3519,0,1,measured
1757,7D7D,0,1,measured
1758,CD7A,0,1,measured
1759,0FE9,0,1,measured
1760,5494,0,1,measured
1761,1BBD,0,1,measured
1763,8A7C,0,1,measured
1764,D3FD,0,1,measured
1765,105B,0,1,measured
1766,5A4E,0,1,measured
1768,A2E0,0,1,measured
1769,EBC6,0,1,measured
1771,7A76,0,1,measured
1772,B452,0,1,measured
1773,FF49,0,1,measured
1774,4BEB,0,1,measured
1775,8AFE,0,1,measured
1776,D905,0,1,measured
1777,268C,0,1,measured
1778,707B,0,1,measured
1779,B703,0,1,measured
1780,56F2,0,1,measured
1781,9FD0,0,1,measured
1782,C716,0,1,measured
1783,F503,0,1,measured
1784,333D,0,1,measured
1785,7BFC,0,1,measured
1787,2078,0,1,measured
1788,5BDD,0,1,measured
1790,E590,0,1,measured
1791,377C,0,1,measured
1792,80C8,0,1,measured
1793,C9FC,0,1,measured
1794,13F0,0,1,measured
1795,5D29,0,1,measured
1796,9E39,0,1,measured
1797,DD22,0,1,measured
1798,252A,0,1,measured
1799,F239,0,1,measured
1800,2610,0,1,measured
1801,6F15,0,1,measured
1802,B897,0,1,measured
1804,393A,0,1,measured
1806,8705,0,1,measured
1807,D0CB,0,1,measured
1808,1989,0,1,measured
1809,46E5,0,1,measured
1810,9195,0,1,measured
1812,22A1,0,1,measured
1813,8FE1,0,1,measured
1814,D4F6,0,1,measured
1816,6803,0,1,measured
1817,B0A9,0,1,measured
1818,501A,0,1,measured
1819,9435,0,1,measured
1820,E1F0,0,1,measured
1821,1120,0,1,measured
1822,3174,0,1,measured
1823,5AB6,0,1,measured
1825,A31D,0,1,measured
1827,8A90,0,1,measured
1828,D23A,0,1,measured
1830,638C,0,1,measured
1831,ACC8,0,1,measured
1832,012B,0,1,measured
1833,3F6A,0,1,measured
1834,87BC,0,1,measured
1835,CD98,0,1,measured
1836,1A3E,0,1,measured
1837,B8F5,0,1,measured
1838,1D02,0,1,measured
1839,4CCF,0,1,measured
1840,95E6,0,1,measured
1841,D4B2,0,1,measured
1842,1B65,0,1,measured
1844,6496,0,1,measured
1845,B7FE,0,1,measured
1846,F7DB,0,1,measured
1847,412D,0,1,measured
1848,8348,0,1,measured
1849,C0A9,0,1,measured
1850,0495,0,1,measured
1851,5253,0,1,measured
1852,D330,0,1,measured
1853,08BB,0,1,measured
1854,51E4,0,1,measured
1855,9B9F,0,1,measured
1857,8E2E,0,1,measured
1858,CC91,0,1,measured
1859,15B2,0,1,measured
1860,3160,0,1,measured
1861,7A03,0,1,measured
1863,C256,0,1,measured
1864,40DF,0,1,measured
1865,6330,0,1,measured
1866,B0ED,0,1,measured
1867,FA88,0,1,measured
1868,4304,0,1,measured
1869,8BE0,0,1,measured
1870,D530,0,1,measured
1871,1ECA,0,1,measured
1872,67F6,0,1,measured
1873,A9C2,0,1,measured
1874,C7C9,0,1,measured
1875,6342,0,1,measured
1876,B260,0,1,measured
1877,F7A7,0,1,measured
1878,40F5,0,1,measured
1879,7B3B,0,1,measured
1880,C8AD,0,1,measured
1882,109C,0,1,measured
1883,5AAA,0,1,measured
1884,A8A6,0,1,measured
1885,ED28,0,1,measured
1886,14C0,0,1,measured
1887,4499,0,1,measured
1888,8AB9,0,1,measured
1889,D505,0,1,measured
1890,80E3,0,1,measured
1891,B460,0,1,measured
1892,FFA3,0,1,measured
1893,48D9,0,1,measured
1894,DF7A,0,1,measured
1895,3091,0,1,measured
1896,784A,0,1,measured
1897,C261,0,1,measured
1898,F812,0,1,measured
1899,379C,0,1,measured
1901,7F22,0,1,measured
1902,C95D,0,1,measured
1903,54C6,0,1,measured
1904,947A,0,1,measured
1905,DDA3,0,1,measured
1906,26E4,0,1,measured
1907,7030,0,1,measured
1908,B96E,0,1,measured
1909,0406,0,1,measured
1910,44E4,0,1,measured
1911,953A,0,1,measured
1912,C33E,0,1,measured
1913,41CF,0,1,measured
1914,8A8C,0,1,measured
1915,1E6D,0,1,measured
1917,94C2,0,1,measured
1918,DD3D,0,1,measured
1920,2602,0,1,measured
1921,6F4D,0,1,measured
1922,C2B3,0,1,measured
1923,029D,0,1,measured
1924,4BD6,0,1,measured
1925,73AA,0,1,measured
1926,8578,0,1,measured
1927,CE4E,0,1,measured
1928,16AA,0,1,measured
1929,CA5F,0,1,measured
1930,FBF6,0,1,measured
1931,451B,0,1,measured
1932,E314,0,1,measured
1933,2C4A,0,1,measured
1934,8669,0,1,measured
1935,BFB4,0,1,measured
1936,FC99,0,1,measured
1937,464D,0,1,measured
1939,8EBF,0,1,measured
1941,20D5,0,1,measured
1942,93A6,0,1,measured
1943,B892,0,1,measured
1944,019E,0,1,measured
1945,4B3A,0,1,measured
1946,93C1,0,1,measured
1947,DD9D,0,1,measured
1948,2FE5,0,1,measured
1949,6FD6,0,1,measured
1950,B915,0,1,measured
1951,4415,0,1,measured
1952,8CD6,0,1,measured
1953,0118,0,1,measured
1954,36AA,0,1,measured
1955,7832,0,1,measured
1958,0A5B,0,1,measured
1959,531F,0,1,measured
1960,9C7C,0,1,measured
1961,EFE5,0,1,measured
1962,3170,0,1,measured
1963,5724,0,1,measured
1964,9FD8,0,1,measured
1965,E83E,0,1,measured
1966,3170,0,1,measured
1967,B8FD,0,1,measured
1968,DCA2,0,1,measured
1969,258A,0,1,measured
1970,C3B0,0,1,measured
1971,0CDB,0,1,measured
1972,5621,0,1,measured
1973,9F76,0,1,measured
1974,DC62,0,1,measured
1975,1D3F,0,1,measured
1977,5D01,0,1,measured
1979,ED84,0,1,measured
1980,3A38,0,1,measured
1981,802B,0,1,measured
1982,CB97,0,1,measured
1984,5BEC,0,1,measured
1985,A096,0,1,measured
1986,F138,0,1,measured
1987,39D3,0,1,measured
1988,8308,0,1,measured
1989,E668,0,1,measured
1990,2E45,0,1,measured
1991,7812,0,1,measured
1992,1AC9,0,1,measured
1993,4BB9,0,1,measured
1994,9583,0,1,measured
1996,DE19,0,1,measured
1997,273D,0,1,measured
1998,7096,0,1,measured
1999,BA7D,0,1,measured
2000,FA74,0,1,measured
2001,4C56,0,1,measured
2002,8DFB,0,1,measured
2003,CC46,0,1,measured
2004,1509,0,1,measured
2005,5E4C,0,1,measured
2006,E041,0,1,measured
2007,10AE,0,1,measured
2008,ACEB,0,1,measured
2009,F5FD,0,1,measured
2010,3F3D,0,1,measured
2011,88AA,0,1,measured
2012,C577,0,1,measured
2015,37E3,0,1,measured
2016,84BF,0,1,measured
2017,CD7E,0,1,measured
2018,17F7,0,1,measured
2019,8506,0,1,measured
2020,CA10,0,1,measured
2022,5D77,0,1,measured
2023,A5BC,0,1,measured
2024,EFC5,0,1,measured
2025,3837,0,1,measured
2026,8187,0,1,measured
2027,0647,0,1,measured
2028,0FA7,0,1,measured
2029,53A8,0,1,measured
2030,A1D3,0,1,measured
2031,4716,0,1,measured
2032,7823,0,1,measured
2034,C12F,0,1,measured
2035,0AF8,0,1,measured
2036,534C,0,1,measured
2037,9D3D,0,1,measured
2039,2ED8,0,1,measured
2040,7728,0,1,measured
2041,C1AF,0,1,measured
2042,09A8,0,1,measured
2044,C143,0,1,measured
2045,E72E,0,1,measured
2046,8A85,0,1,measured
2047,D2D6,0,1,measured
2048,1BF3,0,1,measured
2050,AC64,0,1,measured
2051,EE08,0,1,measured
2053,2E5F,0,1,measured
2054,6BC6,0,1,measured
2055,B443,0,1,measured
2056,FD79,0,1,measured
2057,6F51,0,1,measured
2058,9FB0,0,1,measured
2059,E8CE,0,1,measured
2060,2DED,0,1,measured
2061,7AFA,0,1,measured
2062,C3BD,0,1,measured
2063,0D05,0,1,measured
2064,6B20,0,1,measured
2065,F5C3,0,1,measured
2066,3FA1,0,1,measured
2067,8786,0,1,measured
2068,D0C3,0,1,measured
2069,323B,0,1,measured
2070,5851,0,1,measured
2072,A16A,0,1,measured
2073,EB09,0,1,measured
2074,3360,0,1,measured
2075,77AE,0,1,measured
2076,C59F,0,1,measured
2077,0E71,0,1,measured
2078,58D1,0,1,measured
2079,99D7,0,1,measured
2080,D802,0,1,measured
2081,1F2D,0,1,measured
2082,6879,0,1,measured
2083,B7DB,0,1,measured
2084,5195,0,1,measured
2085,9B00,0,1,measured
2086,C2D0,0,1,measured
2087,0CAA,0,1,measured
2088,4F7B,0,1,measured
2089,8F09,0,1,measured
2091,DCA6,0,1,measured
2092,03B0,0,1,measured
2093,2F51,0,1,measured
2094,791D,0,1,measured
2095,C11F,0,1,measured
2096,6A7C,0,1,measured
2097,A1D3,0,1,measured
2098,EB07,0,1,measured
2099,325E,0,1,measured
2100,7C5D,0,1,measured
2101,C4DE,0,1,measured
2102,0F57,0,1,measured
2103,ABCC,0,1,measured
2104,E74E,0,1,measured
2105,2B66,0,1,measured
2106,7427,0,1,measured
2107,B2AB,0,1,measured
2108,40F7,0,1,measured
2110,8160,0,1,measured
2111,C9D3,0,1,measured
2112,1405,0,1,measured
2113,5C50,0,1,measured
2114,A59F,0,1,measured
2115,EECA,0,1,measured
2116,38B6,0,1,measured
2117,816A,0,1,measured
2118,AF4B,0,1,measured
2119,DE4B,0,1,measured
2120,1F63,0,1,measured
2121,7080,0,1,measured
2122,4C01,0,1,measured
2123,954C,0,1,measured
2124,E0E2,0,1,measured
2125,271D,0,1,measured
2126,6474,0,1,measured
2127,B9D0,0,1,measured
2129,F682,0,1,measured
2130,3FAA,0,1,measured
2131,6DD7,0,1,measured
2132,7B58,0,1,measured
2133,C433,0,1,measured
2135,A117,0,1,measured
2136,EE49,0,1,measured
2137,37F7,0,1,measured
2138,8314,0,1,measured
2139,C936,0,1,measured
2140,1280,0,1,measured
2141,B57C,0,1,measured
2142,FC49,0,1,measured
2143,46E0,0,1,measured
2144,8DBA,0,1,measured
2145,CA04,0,1,measured
2146,3C39,0,1,measured
2148,5F3D,0,1,measured
2149,A78B,0,1,measured
2150,EC98,0,1,measured
2152,828D,0,1,measured
2153,CBDC,0,1,measured
2154,21DD,0,1,measured
2155,5FAE,0,1,measured
2156,A0D7,0,1,measured
2158,26FE,0,1,measured
2159,7065,0,1,measured
2161,752C,0,1,measured
2162,C0C8,0,1,measured
2163,070B,0,1,measured
2164,3E69,0,1,measured
2165,8C73,0,1,measured
2167,E257,0,1,measured
2168,205F,0,1,measured
2169,4A60,0,1,measured
2170,96EF,0,1,measured
2171,DC34,0,1,measured
2172,2652,0,1,measured
2173,B7FD,0,1,measured
2174,D55B,0,1,measured
2175,1CE2,0,1,measured
2176,6627,0,1,measured
2177,AF6C,0,1,measured
2178,F77E,0,1,measured
2179,92A6,0,1,measured
2180,DF83,0,1,measured
2181,20F3,0,1,measured
2182,5E99,0,1,measured
2183,9AB6,0,1,measured
2184,C527,0,1,measured
2186,5AA9,0,1,measured
2187,935D,0,1,measured
2188,DA47,0,1,measured
2189,238A,0,1,measured
2190,6B80,0,1,measured
2191,B4D0,0,1,measured
2192,1C15,0,1,measured
2193,4714,0,1,measured
2194,8F64,0,1,measured
2195,D404,0,1,measured
2196,21DC,0,1,measured
2197,69E1,0,1,measured
2198,1AF4,0,1,measured
2199,5548,0,1,measured
2201,EEA7,0,1,measured
2202,2997,0,1,measured
2203,6D93,0,1,measured
2205,CC06,0,1,measured
2206,06CF,0,1,measured
2207,4F3C,0,1,measured
2208,933D,0,1,measured
2209,C7A4,0,1,measured
2210,0520,0,1,measured
2211,7319,0,1,measured
2212,CE66,0,1,measured
2213,F6EC,0,1,measured
2214,4466,0,1,measured
2215,87FA,0,1,measured
2216,D6F9,0,1,measured
2217,9187,0,1,measured
2218,C274,0,1,measured
2219,0628,0,1,measured
2220,48B8,0,1,measured
2221,7964,0,1,measured
2224,38A1,0,1,measured
2225,6AFA,0,1,measured
2226,B6E9,0,1,measured
2227,0164,0,1,measured
2229,9182,0,1,measured
2230,BBE8,0,1,measured
2231,339C,0,1,measured
2232,70F1,0,1,measured
2233,B7C3,0,1,measured
2234,00E8,0,1,measured
2235,49FC,0,1,measured
2236,F3F5,0,1,measured
2237,2792,0,1,measured
2238,6FED,0,1,measured
2239,B465,0,1,measured
2240,F58D,0,1,measured
2241,3D9B,0,1,measured
2243,86C9,0,1,measured
2244,FEC9,0,1,measured
2245,23A2,0,1,measured
2246,6C79,0,1,measured
2247,B729,0,1,measured
2248,FC4E,0,1,measured
2249,4F31,0,1,measured
2250,B024,0,1,measured
2251,DAAF,0,1,measured
2252,283B,0,1,measured
2253,7545,0,1,measured
2254,B580,0,1,measured
2255,3923,0,1,measured
2256,AE9C,0,1,measured
2257,ED9F,0,1,measured
2258,2A1B,0,1,measured
2259,60FD,0,1,measured
2260,A49E,0,1,measured
2262,F24F,0,1,measured
2263,6CB9,0,1,measured
2264,9ADB,0,1,measured
2265,E449,0,1,measured
2266,2C5F,0,1,measured
2267,76C6,0,1,measured
2268,BDC0,0,1,measured
2269,2661,0,1,measured
2271,98AB,0,1,measured
2273,307E,0,1,measured
2274,B6FE,0,1,measured
2275,2C26,0,1,measured
2276,653E,0,1,measured
2277,A7CE,0,1,measured
2278,EF4D,0,1,measured
2281,7A5E,0,1,measured
2282,D204,0,1,measured
2283,0EEE,0,1,measured
2284,51A1,0,1,measured
2285,9724,0,1,measured
2286,EC8A,0,1,measured
2287,2C91,0,1,measured
2288,60C4,0,1,measured
2289,D5C7,0,1,measured
2290,FE09,0,1,measured
2291,474E,0,1,measured
2292,973D,0,1,measured
2293,2F74,0,1,measured
2294,9D11,0,1,measured
2295,C758,0,1,measured
2296,0EB3,0,1,measured
2297,4D27,0,1,measured
2298,93B7,0,1,measured
2300,D6F3,0,1,measured
2301,24F5,0,1,measured
2302,8E0E,0,1,measured
2303,BAAD,0,1,measured
2304,02FA,0,1,measured
2305,4FC0,0,1,measured
2306,95EF,0,1,measured
2307,DFC0,0,1,measured
2308,38D5,0,1,measured
2309,701F,0,1,measured
2310,B88D,0,1,measured
2311,FCE6,0,1,measured
2312,8C98,0,1,measured
2313,FC63,0,1,measured
2314,2B27,0,1,measured
2315,77B7,0,1,measured
2316,B40B,0,1,measured
2317,FFEB,0,1,measured
2319,455F,0,1,measured
2320,8E8D,0,1,measured
2321,FDD3,0,1,measured
2322,2900,0,1,measured
2324,A85E,0,1,measured
2325,ED50,0,1,measured
2326,3699,0,1,measured
2327,B7BF,0,1,measured
2328,E390,0,1,measured
2329,2945,0,1,measured
2330,6D24,0,1,measured
2331,0FA2,0,1,measured
2332,58D6,0,1,measured
2334,EC03,0,1,measured
2335,219B,0,1,measured
2336,62A1,0,1,measured
2338,A8AD,0,1,measured
2339,F1DB,0,1,measured
2340,3DC9,0,1,measured
2341,8500,0,1,measured
2343,1982,0,1,measured
2344,8D7A,0,1,measured
2345,B824,0,1,measured
2346,059C,0,1,measured
2348,98CC,0,1,measured
2349,E16F,0,1,measured
2350,7F57,0,1,measured
2351,C8C7,0,1,measured
2352,0C6D,0,1,measured
2353,48AE,0,1,measured
2354,85F0,0,1,measured
2355,D1C1,0,1,measured
2357,1863,0,1,measured
2358,61A0,0,1,measured
2359,AD99,0,1,measured
2360,EFCB,0,1,measured
2362,B59D,0,1,measured
2363,E6C1,0,1,measured
2364,2D16,0,1,measured
2365,766C,0,1,measured
2366,C239,0,1,measured
2367,09AE,0,1,measured
2368,5221,0,1,measured
2369,F00C,0,1,measured
2370,31EF,0,1,measured
2371,719D,0,1,measured
2372,B857,0,1,measured
2373,F758,0,1,measured
2374,3B78,0,1,measured
2376,8BCD,0,1,measured
2377,D256,0,1,measured
2378,1BB1,0,1,measured
2379,A437,0,1,measured
2381,1037,0,1,measured
2382,5ACA,0,1,measured
2383,9FB5,0,1,measured
2384,E8EC,0,1,measured
2385,46D2,0,1,measured
2386,7E41,0,1,measured
2387,C62F,0,1,measured
2388,51C8,0,1,measured
2389,951F,0,1,measured
2390,C3F6,0,1,measured
2391,589C,0,1,measured
2392,86FE,0,1,measured
2393,AC9C,0,1,measured
2395,F618,0,1,measured
2396,3EEF,0,1,measured
2397,873C,0,1,measured
2398,0F14,0,1,measured
2399,3AEB,0,1,measured
2400,832B,0,1,measured
2401,CC7E,0,1,measured
2402,15A1,0,1,measured
2403,5DB9,0,1,measured
2405,EB16,0,1,measured
2406,380C,0,1,measured
2407,D694,0,1,measured
2408,1EF3,0,1,measured
2409,4958,0,1,measured
2410,BC9F,0,1,measured
2411,F0CA,0,1,measured
2412,37D6,0,1,measured
2414,80EE,0,1,measured
2415,C92D,0,1,measured
2416,124C,0,1,measured
2417,6E45,0,1,measured
2418,9BE3,0,1,measured
2421,66D5,0,1,measured
2422,AB97,0,1,measured
2423,EEF5,0,1,measured
2424,7D70,0,1,measured
2425,ACF5,0,1,measured
2426,34B8,0,1,measured
2427,7B4A,0,1,measured
2428,C48A,0,1,measured
2429,3538,0,1,measured
2430,68A5,0,1,measured
2431,ABB4,0,1,measured
2433,FA3B,0,1,measured
2434,437B,0,1,measured
2435,812F,0,1,measured
2436,B15A,0,1,measured
2437,2620,0,1,measured
2438,6320,0,1,measured
2439,AA74,0,1,measured
2440,F4CC,0,1,measured
2441,3D0A,0,1,measured
2442,86A6,0,1,measured
2443,E11C,0,1,measured
2444,0F23,0,1,measured
2445,AD6F,0,1,measured
2446,F6D0,0,1,measured
2447,3F1E,0,1,measured
2449,C702,0,1,measured
2450,1314,0,1,measured
2452,5C47,0,1,measured
2453,A596,0,1,measured
2454,ED96,0,1,measured
2455,36C6,0,1,measured
2456,9AE8,0,1,measured
2457,CC6E,0,1,measured
2458,1422,0,1,measured
2459,5C5F,0,1,measured
2460,A477,0,1,measured
2461,EDC5,0,1,measured
2462,488E,0,1,measured
2463,8390,0,1,measured
2465,58DF,0,1,measured
2466,A4F8,0,1,measured
2467,EE01,0,1,measured
2468,5D59,0,1,measured
2469,917E,0,1,measured
2471,D47B,0,1,measured
2472,24A3,0,1,measured
2473,6B24,0,1,measured
2474,B45C,0,1,measured
2475,1686,0,1,measured
2476,4696,0,1,measured
2477,8F06,0,1,measured
2478,D27A,0,1,measured
2479,1C28,0,1,measured
2480,45BE,0,1,measured
2481,98CB,0,1,measured
2482,1FEB,0,1,measured
2483,9BEA,0,1,measured
2485,2A9C,0,1,measured
2486,7350,0,1,measured
2487,BFD4,0,1,measured
2488,FBCA,0,1,measured
2491,8D88,0,1,measured
2492,D594,0,1,measured
2493,1DAF,0,1,measured
2494,740B,0,1,measured
2495,A04B,0,1,measured
2496,ED56,0,1,measured
2497,369A,0,1,measured
2498,822B,0,1,measured
2499,C7FC,0,1,measured
2500,120A,0,1,measured
2501,8727,0,1,measured
2502,0241,0,1,measured
2503,4B84,0,1,measured
2504,93C2,0,1,measured
2505,DD01,0,1,measured
2506,3064,0,1,measured
2507,6179,0,1,measured
2509,A8D5,0,1,measured
2510,ED55,0,1,measured
2511,3B55,0,1,measured
2512,8376,0,1,measured
2513,ADD3,0,1,measured
2515,63D4,0,1,measured
2516,A3B7,0,1,measured
2517,E39B,0,1,measured
2518,29A8,0,1,measured
2519,72C5,0,1,measured
2520,E876,0,1,measured
2521,6C55,0,1,measured
2522,B60B,0,1,measured
2523,FF51,0,1,measured
2524,4121,0,1,measured
2525,829B,0,1,measured
2526,F533,0,1,measured
2528,1AC8,0,1,measured
2529,6308,0,1,measured
2530,AC55,0,1,measured
2531,F596,0,1,measured
2532,3DDB,0,1,measured
2534,D04C,0,1,measured
2535,1699,0,1,measured
2536,5EFF,0,1,measured
2537,A834,0,1,measured
2538,F183,0,1,measured
2539,3AC3,0,1,measured
2540,D808,0,1,measured
2541,19CA,0,1,measured
2542,576C,0,1,measured
2543,A042,0,1,measured
2544,DF3F,0,1,measured
2545,2895,0,1,measured
2547,71C5,0,1,measured
2548,BB04,0,1,measured
2549,044F,0,1,measured
2550,7ADD,0,1,measured
2551,A9FD,0,1,measured
2552,F2F2,0,1,measured
2553,3C43,0,1,measured
2554,857D,0,1,measured
2555,CA5C,0,1,measured
2556,1803,0,1,measured
2557,6134,0,1,measured
2558,AA7B,0,1,measured
2560,7D80,0,1,measured
2561,C6B5,0,1,measured
2562,100C,0,1,measured
2563,4F02,0,1,measured
2564,9848,0,1,measured
2567,5A53,0,1,measured
2568,8991,0,1,measured
2569,D2A3,0,1,measured
2571,6524,0,1,measured
2572,AE48,0,1,measured
2573,F789,0,1,measured
2574,40D9,0,1,measured
2575,8A15,0,1,measured
2576,CBD2,0,1,measured
2577,0A02,0,1,measured
2578,A657,0,1,measured
2579,EF8F,0,1,measured
2581,825D,0,1,measured
2582,C18A,0,1,measured
2583,4F84,0,1,measured
2585,5D1A,0,1,measured
2586,AB2D,0,1,measured
2587,F33D,0,1,measured
2588,3E17,0,1,measured
2589,84DF,0,1,measured
2591,1781,0,1,measured
2592,61BA,0,1,measured
2593,A3AB,0,1,measured
2594,E0B0,0,1,measured
2595,297E,0,1,measured
2596,72B5,0,1,measured
2597,115A,0,1,measured
2598,5DBE,0,1,measured
2599,9F01,0,1,measured
2600,F052,0,1,measured
